4.409892970276296786e-01 5.448688855855916557e+00
2.857987882679779990e-01 3.392219872668540415e+00
1.470736391132471121e+00 3.513999486706231856e-01
7.892314707159553411e-01 5.513881266326033703e+00
2.864700561187336625e+00 2.622697633981954102e+00
2.843501170412156220e+00 2.610382134308371072e+00
3.073647300466195720e+00 6.494424227612349831e+00
3.113766705089547671e+00 2.656016989847040932e+00
1.705298185444339421e+00 2.912667776145771992e-01
1.478186950917929066e+00 6.654379655400126659e+00
9.122149284151037651e-01 2.847875519928810828e-01
1.093816580299351582e+00 9.637608941649267180e-01
7.224526394022656728e-01 6.094134438256026964e-01
3.253282426482022593e+00 3.082336682177696296e+00
2.985849181764800520e+00 6.565856943858516814e+00
9.986511839256706491e-01 1.000433167381575839e+00
3.324569302576263485e+00 5.124347251935019720e+00
2.479646942849456082e-01 2.382544279163902878e+00
3.295583360993222577e+00 2.976860036061521608e+00
2.696737560304284465e+00 1.750010315615256884e+00
2.785116659050496324e+00 6.488238621473171541e+00
2.710758777375711581e+00 6.772824426605024151e+00
5.215708109232042311e-01 5.692732302935754607e-01
1.974577632435453589e+00 7.176404138894114659e+00
5.150019224712898414e-01 4.763735812081630883e+00
1.898887991756926796e+00 7.081041085240822319e+00
3.222565377412020204e+00 3.376786931235045142e+00
3.380641694240912543e+00 5.629272764888880509e+00
8.216358982246763087e-01 8.917400381781548369e-01
2.544568773690137675e+00 6.832247329966470772e+00
2.595396012130962937e+00 7.090703999753089626e+00
2.796376730580453440e+00 6.366779797720003131e+00
2.117905898195324710e+00 7.473053683193801255e+00
1.808074824095420308e+00 7.070996829254369231e+00
1.617653378492032168e+00 6.663221316887745438e+00
5.868907072017615079e-01 5.627367778890164374e+00
1.566260951025646442e+00 4.808139124999455394e-01
2.365223476450753815e+00 7.016803691619319494e+00
8.554850934652258321e-01 5.654902907473712048e+00
1.953691147282311524e+00 7.347645657163127453e+00
2.126545720888206592e+00 6.746974319703664236e+00
3.315683440593422127e+00 5.016994692708549586e+00
1.318966757799802103e+00 6.780352218765317573e-01
3.301343419039093341e+00 3.587880598122588083e+00
3.055078606363015314e-01 1.154397772430498792e+00
1.555668964640017915e+00 7.569160138769270851e-01
2.402695198853777026e+00 1.056251802415977270e+00
1.382803407893168357e+00 1.852269104729020732e-01
2.216996046134012133e+00 6.999354332041254345e+00
3.208148854197040656e+00 6.396694293461369973e+00
2.709739132498893976e+00 2.216999954121481320e+00
1.544785999660013287e+00 8.773158349625098662e-01
1.827249260149014232e+00 3.875832345863350348e-01
2.362223296112968551e+00 1.049428751406247251e+00
1.302960218819670946e+00 9.495663676701215916e-01
1.210097948593351624e+00 6.596924923677907060e+00
3.110376151819261636e+00 6.636206592554271033e+00
1.248152126794888073e+00 6.645310402546150463e+00
1.991195580100321161e+00 7.032640250928023917e+00
9.689713471411842693e-01 7.363023066825014062e-01
2.533983803865281992e+00 1.797894081217776829e+00
3.425834461066949999e+00 4.488314533355231895e+00
6.843996738901680921e-01 6.217486352376441872e+00
8.055894073762237539e-01 7.909621524593013486e-01
4.809999324889147054e-01 5.066109360402651696e+00
2.900404002094603140e-01 5.038545157401532748e+00
2.068173484726321121e-01 3.803600788671819277e+00
3.256440983476535322e+00 3.294472668442621988e+00
1.456225653080485127e+00 9.688386104075452643e-01
3.457140379878588021e+00 6.000278789678875846e+00
6.432901639083266065e-01 7.309557871962857334e-01
8.801311739576433979e-01 5.955546761753623741e+00
3.017702913538212961e+00 2.340280701974283062e+00
3.170890271868752386e+00 6.827087672742301550e+00
1.838753006773585774e+00 7.743484007383616419e-01
3.197001786365440967e+00 6.546105957244483520e+00
2.002116237482561623e+00 7.056853512129545258e+00
3.330700345132352247e+00 5.485524287821970546e+00
5.524558988714067809e-02 4.340103676972911551e+00
2.059188383231792763e+00 7.415620617483068777e+00
2.954733358566522305e+00 2.158527739952690538e+00
3.140227843161564891e+00 3.307697343029624371e+00
1.655895356049791323e+00 2.903800023718428047e-01
1.703268298786224655e+00 4.996278861854863695e-01
2.372858274956924696e+00 8.802737351557199386e-01
2.817847174531096233e-01 5.123308990941249697e+00